NPI
1297279022
1297279037
1297279052
1297279067
1297279082
1297279083
1297279084
1297279085
1297279086
1297279087
1297279088
1297279089
1297279090
1297279091
1297279092
1297279093
1297279094
1297279095
1297279096
1297279097
1297279098
1297279099
1297279100
1297279101
1297279102
1297279103
1297279104
1297279105
1297279106
1297279107
1297279108
1297279109
1297279110
1297279111
1297279112
1297279113
1297279114
1297279115
1297279116
1297279117
1297279118
1297279119
1297279120
1297279121
1297279122
1297279123
1297279124
1297279125
1297279126
1297279127
1297279128
1297279129
1297279130
1297279131
1297279132
1297279133
1297279134
1297279135
1297279136
1297279137
1297279138
1297279139
1297279140
1297279141
1297279142
1297279143
1297279144
1297279145
1297279146
1297279147
1297279148
1297279149
1297279150
1297279151
1297279152
1297279153
1297279154
1297279155
1297279156
1297279157
1297279158
1297279159
1297279160
1297279161
1297279162
1297279163
1297279164
1297279165
1297279166
1297279167
1297279168
1297279169
1297279170
1297279171
1297279172
1297279173
1297279174
1297279175
1297279176
1297279177
